000000   0000000000     100
000000   0010200501     505
000000   0010200901     505
000000   0010201302     505
000000   0010300701     870
000000   2101006000     505
000000   2102001000     505
000000   2102002000     505
000000   2102004000     505
000000   2102005000     505
000000   2102006000     505
000000   2102006001     505
000000   2102006002     505
000000   2102007000     505
000000   2102008000     505
000000   2102009000     505
000000   2102010000     505
000000   2102011000     505
000000   2103001000     515
000000   2103002000     515
000000   2103004000     515
000000   2103005000     515
000000   2103006000     515
000000   2103007000     515
000000   2103007010     515
000000   2103008000     515
000000   2103011000     515
000000   2104001000     180
000000   2104002000     180
000000   2104004000     170
000000   2104005000     170
000000   2104006000     150
000000   2104006010     150
000000   2104007000     190
000000   2104008000     160
000000   2104008001     160
000000   2104008002     160
000000   2104008003     160
000000   2104008004     160
000000   2104008010     160
000000   2104008030     160
000000   2104008050     160
000000   2104008051     160
000000   2104008052     160
000000   2104008053     160
000000   2104011000     170
000000   2199001000     596
000000   2199002000     596
000000   2199004000     596
000000   2199004001     596
000000   2199004002     596
000000   2199005000     596
000000   2199006000     596
000000   2199006001     596
000000   2199007000     596
000000   2199008000     596
000000   2199011000     596
000000   2201001000     255
000000   2201001110     210
000000   2201001130     210
000000   2201001150     210
000000   2201001170     230
000000   2201001190     230
000000   2201001210     130
000000   2201001230     200
000000   2201001250     200
000000   2201001270     200
000000   2201001290     200
000000   2201001310     220
000000   2201001330     120
000000   2201020000     255
000000   2201020110     210
000000   2201020130     210
000000   2201020150     210
000000   2201020170     230
000000   2201020190     230
000000   2201020210     130
000000   2201020230     200
000000   2201020250     200
000000   2201020270     200
000000   2201020290     200
000000   2201020310     220
000000   2201020330     120
000000   2201040000     255
000000   2201040110     210
000000   2201040130     210
000000   2201040150     210
000000   2201040170     230
000000   2201040190     230
000000   2201040210     130
000000   2201040230     200
000000   2201040250     200
000000   2201040270     200
000000   2201040290     200
000000   2201040310     220
000000   2201040330     120
000000   2201060000     240
000000   2201070000     255
000000   2201070110     210
000000   2201070130     210
000000   2201070150     210
000000   2201070170     230
000000   2201070190     230
000000   2201070210     130
000000   2201070230     200
000000   2201070250     200
000000   2201070270     200
000000   2201070290     200
000000   2201070310     220
000000   2201070330     120
000000   2201080000     255
000000   2201080110     210
000000   2201080130     210
000000   2201080150     210
000000   2201080170     230
000000   2201080190     230
000000   2201080210     130
000000   2201080230     200
000000   2201080250     200
000000   2201080270     200
000000   2201080290     200
000000   2201080310     220
000000   2201080330     120
000000   2230001000     255
000000   2230001110     210
000000   2230001130     210
000000   2230001150     210
000000   2230001170     230
000000   2230001190     230
000000   2230001210     130
000000   2230001230     200
000000   2230001250     200
000000   2230001270     200
000000   2230001290     200
000000   2230001310     220
000000   2230001330     120
000000   2230060000     255
000000   2230060110     210
000000   2230060130     210
000000   2230060150     210
000000   2230060170     230
000000   2230060190     230
000000   2230060210     130
000000   2230060230     200
000000   2230060250     200
000000   2230060270     200
000000   2230060290     200
000000   2230060310     220
000000   2230060330     120
000000   2230070000     240
000000   2230070110	210
000000   2230070130	210
000000   2230070150     210
000000   2230070170     230
000000   2230070190     230
000000   2230070210     130
000000   2230070230     200
000000   2230070250     200
000000   2230070270     200
000000   2230070290     200
000000   2230070310     220
000000   2230070330     120
000000   2230071110     210
000000   2230071130     210
000000   2230071150     210
000000   2230071170     230
000000   2230071190     230
000000   2230071210     130
000000   2230071230     200
000000   2230071250     200
000000   2230071270     200
000000   2230071290     200
000000   2230071310     220
000000   2230071330     120
000000   2230072110     210
000000   2230072130     210
000000   2230072150     210
000000   2230072170     230
000000   2230072190     230
000000   2230072210     130
000000   2230072230     200
000000   2230072250     200
000000   2230072270     200
000000   2230072290     200
000000   2230072310     220
000000   2230072330     120
000000   2230073110     210
000000   2230073130     210
000000   2230073150     210
000000   2230073170     230
000000   2230073190     230
000000   2230073210     130
000000   2230073230     200
000000   2230073250     200
000000   2230073270     200
000000   2230073290     200
000000   2230073310     220
000000   2230073330     120
000000   2230074110     210
000000   2230074130     210
000000   2230074150     210
000000   2230074170     230
000000   2230074190     230
000000   2230074210     130
000000   2230074230     200
000000   2230074250     200
000000   2230074270     200
000000   2230074290     200
000000   2230074310     220
000000   2230074330     120
000000   2230075110     210
000000   2230075130     210
000000   2230075150     210
000000   2230075170     230
000000   2230075190     230
000000   2230075210     130
000000   2230075230     200
000000   2230075250     200
000000   2230075270     200
000000   2230075290     200
000000   2230075310     220
000000   2230075330     120
000000   2260000000     400
000000   2260001000     400
000000   2260001010     400
000000   2260001020     400
000000   2260001030     400
000000   2260001060     520
000000   2260002000     140
000000   2260002006     140
000000   2260002009     140
000000   2260002021     140
000000   2260002027     140
000000   2260002039     140
000000   2260002054     140
000000   2260003000     505
000000   2260003030     510
000000   2260003040     505
000000   2260004000     535
000000   2260004015     300
000000   2260004016     520
000000   2260004020     300
000000   2260004021     520
000000   2260004025     300
000000   2260004026     525
000000   2260004030     300
000000   2260004031     525
000000   2260004035     300
000000   2260004036     520
000000   2260004071     525
000000   2260005000     310
000000   2260005035     310
000000   2260005050     310
000000   2260006000     510
000000   2260006005     510
000000   2260006010     510
000000   2260006015     510
000000   2260007000     890
000000   2260007005     890
000000   2265000000     400
000000   2265001000     400
000000   2265001010     400
000000   2265001020     400
000000   2265001030     400
000000   2265001050     850
000000   2265001060     520
000000   2265002000     140
000000   2265002003     140
000000   2265002006     140
000000   2265002009     140
000000   2265002015     140
000000   2265002021     140
000000   2265002024     140
000000   2265002027     140
000000   2265002030     140
000000   2265002033     140
000000   2265002039     140
000000   2265002042     140
000000   2265002045     140
000000   2265002054     140
000000   2265002057     140
000000   2265002060     140
000000   2265002066     140
000000   2265002072     140
000000   2265002078     140
000000   2265002081     140
000000   2265003000     505
000000   2265003010     505
000000   2265003020     505
000000   2265003030     510
000000   2265003040     505
000000   2265003050     505
000000   2265003060     100
000000   2265003070     505
000000   2265004000     535
000000   2265004010     300
000000   2265004011     525
000000   2265004015     300
000000   2265004016     520
000000   2265004025     300
000000   2265004026     525
000000   2265004030     300
000000   2265004031     525
000000   2265004035     300
000000   2265004036     520
000000   2265004040     300
000000   2265004041     525
000000   2265004046     525
000000   2265004051     525
000000   2265004055     300
000000   2265004056     525
000000   2265004066     520
000000   2265004071     525
000000   2265004075     300
000000   2265004076     525
000000   2265005000     310
000000   2265005010     311
000000   2265005015     311
000000   2265005020     311
000000   2265005025     311
000000   2265005030     311
000000   2265005035     310
000000   2265005040     311
000000   2265005045     311
000000   2265005050     310
000000   2265005055     310
000000   2265005060     310
000000   2265006000     510
000000   2265006005     510
000000   2265006010     510
000000   2265006015     510
000000   2265006025     510
000000   2265006030     510
000000   2265007000     890
000000   2265007010     890
000000   2265007015     890
000000   2265008000     700
000000   2265008005     700
000000   2265010000     505
000000   2265010010     400
000000   2267001000     400
000000   2267001060     520
000000   2267002000     140
000000   2267002003     140
000000   2267002015     140
000000   2267002021     140
000000   2267002024     140
000000   2267002030     140
000000   2267002033     140
000000   2267002039     140
000000   2267002045     140
000000   2267002054     140
000000   2267002057     140
000000   2267002060     140
000000   2267002066     140
000000   2267002072     140
000000   2267002081     140
000000   2267003000     505
000000   2267003010     505
000000   2267003020     505
000000   2267003030     510
000000   2267003040     505
000000   2267003050     505
000000   2267003070     505
000000   2267004000     535
000000   2267004066     520
000000   2267005000     310
000000   2267005050     310
000000   2267005055     310
000000   2267005060     310
000000   2267006000     510
000000   2267006005     510
000000   2267006010     510
000000   2267006015     510
000000   2267006025     510
000000   2267006030     510
000000   2267008000     700
000000   2267008005     700
000000   2268002000     140
000000   2268002081     140
000000   2268003000     505
000000   2268003020     505
000000   2268003030     510
000000   2268003040     505
000000   2268003060     100
000000   2268003070     505
000000   2268005000     310
000000   2268005050     310
000000   2268005055     310
000000   2268005060     310
000000   2268006000     510
000000   2268006005     510
000000   2268006010     510
000000   2268006015     510
000000   2268006020     510
000000   2268008000     700
000000   2268010000     505
000000   2268010010     400
000000   2270000000     400
000000   2270001000     400
000000   2270001060     520
000000   2270002000     140
000000   2270002003     140
000000   2270002009     140
000000   2270002015     140
000000   2270002018     140
000000   2270002021     140
000000   2270002024     140
000000   2270002027     140
000000   2270002030     140
000000   2270002033     140
000000   2270002036     140
000000   2270002039     140
000000   2270002042     140
000000   2270002045     140
000000   2270002048     140
000000   2270002051     140
000000   2270002054     140
000000   2270002057     140
000000   2270002060     140
000000   2270002063     140
000000   2270002066     140
000000   2270002069     140
000000   2270002072     140
000000   2270002075     140
000000   2270002078     140
000000   2270002081     140
000000   2270003000     505
000000   2270003010     505
000000   2270003020     505
000000   2270003030     510
000000   2270003040     505
000000   2270003050     505
000000   2270003060     100
000000   2270003070     505
000000   2270004000     535
000000   2270004031     525
000000   2270004036     520
000000   2270004046     525
000000   2270004056     525
000000   2270004066     520
000000   2270004071     525
000000   2270004076     525
000000   2270005000     310
000000   2270005010     311
000000   2270005015     311
000000   2270005020     311
000000   2270005025     311
000000   2270005030     311
000000   2270005035     310
000000   2270005040     311
000000   2270005045     311
000000   2270005050     310
000000   2270005055     310
000000   2270005060     310
000000   2270006000     510
000000   2270006005     510
000000   2270006010     510
000000   2270006015     510
000000   2270006020     510
000000   2270006025     510
000000   2270006030     510
000000   2270007000     890
000000   2270007010     890
000000   2270007015     890
000000   2270008000     700
000000   2270008005     700
000000   2270009000     860
000000   2270009010     860
000000   2270010000     505
000000   2270010010     400
000000   2275000000     700
000000   2275001000     720
000000   2275020000     700
000000   2275050000     700
000000   2275060000     700
000000   2275070000     700
000000   2275085000     400
000000   2275900000     700
000000   2280000000     800
000000   2280001000     800
000000   2280002000     800
000000   2280002100     800
000000   2280002200     810
000000   2280003000     800
000000   2280003100     800
000000   2280003200     810
000000   2282000000     350
000000   2282005000     350
000000   2282005010     350
000000   2282005015     350
000000   2282010000     350
000000   2282010005     350
000000   2282020000     350
000000   2282020005     350
000000   2282020010     350
000000   2283002000     800
000000   2285000000     260
000000   2285002000     260
000000   2285002005     260
000000   2285002006     270
000000   2285002007     280
000000   2285002008     260
000000   2285002009     260
000000   2285002010     260
000000   2285002015     260
000000   2285004015     260
000000   2285006015     260
000000   2294000000     240
000000   2296000000     130
000000   2301000000     580
000000   2301010000     580
000000   2301010010     580
000000   2301020000     580
000000   2301030000     580
000000   2301040000     580
000000   2302000000     500
000000   2302002000     500
000000   2302003000     500
000000   2302010000     500
000000   2302050000     500
000000   2302070000     500
000000   2302070001     500
000000   2302070005     500
000000   2302070010     500
000000   2302080000     500
000000   2303000000     585
000000   2303020000     585
000000   2304000000     585
000000   2304050000     585
000000   2305000000     590
000000   2305070000     590
000000   2305080000     590
000000   2306000000     580
000000   2306010000     580
000000   2307000000     590
000000   2307060000     590
000000   2308000000     595
000000   2309000000     590
000000   2309100010     590
000000   2309100030     590
000000   2309100050     590
000000   2309100230     590
000000   2310000000     585
000000   2310010000     585
000000   2310020000     585
000000   2310030000     585
000000   2311010000     140
000000   2311010070     140
000000   2311020000     140
000000   2311030000     140
000000   2312000000     590
000000   2325000000     330
000000   2325030000     330
000000   2390004000     505
000000   2390005000     505
000000   2390006000     505
000000   2390007000     505
000000   2390010000     505
000000   2399000000     505
000000   2401001000     535
000000   2401001030     535
000000   2401001125     535
000000   2401001235     535
000000   2401001275     535
000000   2401001285     535
000000   2401001999     535
000000   2401002000     535
000000   2401003000     535
000000   2401005000     545
000000   2401005235     545
000000   2401005275     545
000000   2401005285     545
000000   2401008000     240
000000   2401008030     240
000000   2401008235     240
000000   2401008275     240
000000   2401008285     240
000000   2401008370     240
000000   2401008999     240
000000   2401010000     590
000000   2401015000     590
000000   2401015235     590
000000   2401015285     590
000000   2401015370     590
000000   2401020000     595
000000   2401020235     595
000000   2401020285     595
000000   2401020370     595
000000   2401025000     595
000000   2401025235     595
000000   2401025285     595
000000   2401025370     595
000000   2401030000     590
000000   2401030235     590
000000   2401030285     590
000000   2401030370     590
000000   2401035235     595
000000   2401035285     595
000000   2401035370     595
000000   2401040000     590
000000   2401045000     590
000000   2401050000     590
000000   2401055000     590
000000   2401055235     590
000000   2401055285     590
000000   2401055370     590
000000   2401060000     595
000000   2401065000     575
000000   2401065235     575
000000   2401065285     575
000000   2401065370     575
000000   2401070000     590
000000   2401070235     590
000000   2401070285     590
000000   2401070370     590
000000   2401075000     590
000000   2401075235     590
000000   2401075285     590
000000   2401075370     590
000000   2401080000     590
000000   2401080235     590
000000   2401080285     590
000000   2401080370     590
000000   2401085000     590
000000   2401085235     590
000000   2401085285     590
000000   2401085370     590
000000   2401090000     505
000000   2401090999     505
000000   2401100000     505
000000   2401200000     520
000000   2401990000     535
000000   2401990235     535
000000   2401990275     535
000000   2401990285     535
000000   2401990370     535
000000   2415000000     510
000000   2415000350     510
000000   2415000385     510
000000   2415000999     510
000000   2415005000     595
000000   2415005350     595
000000   2415005385     595
000000   2415010350     585
000000   2415010385     585
000000   2415020350     590
000000   2415020385     590
000000   2415025350     590
000000   2415025385     590
000000   2415030000     575
000000   2415030350     575
000000   2415030385     575
000000   2415035350     590
000000   2415035385     590
000000   2415040350     595
000000   2415040385     595
000000   2415045000     595
000000   2415045350     595
000000   2415045385     595
000000   2415045999     595
000000   2415050350     555
000000   2415050385     555
000000   2415055350     540
000000   2415055385     540
000000   2415060000     545
000000   2415060350     545
000000   2415060385     545
000000   2415065000     545
000000   2415065350     545
000000   2415065385     545
000000   2415100000     510
000000   2415100350     510
000000   2415100385     510
000000   2415105000     595
000000   2415105350     595
000000   2415105385     595
000000   2415110000     585
000000   2415110350     585
000000   2415110385     585
000000   2415120000     590
000000   2415120350     590
000000   2415120385     590
000000   2415125000     590
000000   2415125350     590
000000   2415125385     590
000000   2415130000     575
000000   2415130350     575
000000   2415130385     575
000000   2415135000     590
000000   2415135350     590
000000   2415135385     590
000000   2415140000     595
000000   2415140350     595
000000   2415140385     595
000000   2415145000     595
000000   2415145350     595
000000   2415145385     595
000000   2415150350     555
000000   2415150385     555
000000   2415155350     540
000000   2415155385     540
000000   2415160000     545
000000   2415160350     545
000000   2415160385     545
000000   2415160999     545
000000   2415165350     545
000000   2415165385     545
000000   2415200000     505
000000   2415205000     595
000000   2415300000     510
000000   2415300350     510
000000   2415300385     510
000000   2415305000     595
000000   2415305350     595
000000   2415305385     595
000000   2415310000     585
000000   2415310350     585
000000   2415310385     585
000000   2415320000     590
000000   2415320350     590
000000   2415320385     590
000000   2415325000     590
000000   2415325350     590
000000   2415325385     590
000000   2415330000     575
000000   2415330350     575
000000   2415330385     575
000000   2415335000     590
000000   2415335350     590
000000   2415335385     590
000000   2415340000     595
000000   2415340350     595
000000   2415340385     595
000000   2415345000     595
000000   2415345350     595
000000   2415345385     595
000000   2415350350     555
000000   2415350385     555
000000   2415355000     540
000000   2415355350     540
000000   2415355385     540
000000   2415360000     545
000000   2415360350     545
000000   2415360385     545
000000   2415365000     545
000000   2415365350     545
000000   2415365385     545
000000   2420000000     880
000000   2420000055     880
000000   2420000370     880
000000   2420000999     880
000000   2420010000     880
000000   2420010055     880
000000   2420010370     880
000000   2420010999     880
000000   2420020000     880
000000   2420020055     880
000000   2425000000     510
000000   2425000370     510
000000   2425010000     510
000000   2425010055     510
000000   2425010370     510
000000   2425020000     510
000000   2425030000     510
000000   2425040000     510
000000   2425040370     510
000000   2430000000     510
000000   2440000000     510
000000   2440020000     510
000000   2460000000     100
000000   2460100000     100
000000   2460110000     100
000000   2460120000     100
000000   2460130000     100
000000   2460150000     100
000000   2460160000     100
000000   2460180000     100
000000   2460190000     100
000000   2460200000     100
000000   2460220000     100
000000   2460400000     100
000000   2460500000     100
000000   2460600000     100
000000   2460610000     100
000000   2460800000     100
000000   2460830000     100
000000   2460890000     100
000000   2460900000     100
000000   2461000000     500
000000   2461020000     140
000000   2461021000     140
000000   2461022000     140
000000   2461023000     140
000000   2461100000     520
000000   2461160000     520
000000   2461800000     515
000000   2461850000     310
000000   2461850001     310
000000   2461850004     311
000000   2461850005     311
000000   2461850006     311
000000   2461850009     310
000000   2461850051     311
000000   2461850054     311
000000   2461850055     311
000000   2461850056     311
000000   2461850099     310
000000   2465000000     100
000000   2465000185     100
000000   2465000260     100
000000   2465000285     100
000000   2465000340     100
000000   2465000345     100
000000   2465000370     100
000000   2465100000     100
000000   2465200000     100
000000   2465400000     100
000000   2465600000     100
000000   2465800000     100
000000   2465900000     100
000000   2495000000     535
000000   2495000295     535
000000   2501000000     510
000000   2501000030     510
000000   2501000090     510
000000   2501000150     510
000000   2501010000     510
000000   2501010120     510
000000   2501050000     650
000000   2501050030     650
000000   2501050060     650
000000   2501050090     650
000000   2501050120     650
000000   2501050150     650
000000   2501050180     650
000000   2501060000     600
000000   2501060050     600
000000   2501060051     600
000000   2501060052     600
000000   2501060053     600
000000   2501060100     600
000000   2501060101     600
000000   2501060102     600
000000   2501060103     600
000000   2501060200     600
000000   2501060201     600
000000   2501070000     600
000000   2501070051     600
000000   2501070052     600
000000   2501070101     600
000000   2501070103     600
000000   2501070201     600
000000   2501080050     700
000000   2501080100     700
000000   2501995000     510
000000   2501995030     510
000000   2501995060     510
000000   2501995090     510
000000   2501995120     675
000000   2501995150     510
000000   2501995180     510
000000   2505000000     250
000000   2505000120     250
000000   2505010000     260
000000   2505010120     260
000000   2505020000     800
000000   2505020030     800
000000   2505020060     800
000000   2505020090     800
000000   2505020120     800
000000   2505020150     800
000000   2505020180     800
000000   2505020900     800
000000   2505030000     250
000000   2505030120     250
000000   2510000000     505
000000   2510995000     505
000000   2515020000     800
000000   2530000080     585
000000   2601000000     510
000000   2601010000     505
000000   2601020000     515
000000   2601030000     530
000000   2610000000     400
000000   2610000100     300
000000   2610000300     300
000000   2610000400     300
000000   2610000500     140
000000   2610020000     515
000000   2610030000     300
000000   2620000000     300
000000   2620030000     300
000000   2630000000     870
000000   2630010000     505
000000   2630020000     870
000000   2630020001     870
000000   2640000000     300
000000   2640000004     300
000000   2660000000     505
000000   2701420000     320
000000   2730050000     400
000000   2730100000     400
000000   2801000000     310
000000   2801000001     311
000000   2801000003     311
000000   2801000005     310
000000   2801000008     310
000000   2801500000     311
000000   2801500100     311
000000   2801500130     311
000000   2801500170     311
000000   2801500261     311
000000   2801500360     312
000000   2801520000     312
000000   2801700001     311
000000   2801700002     311
000000   2801700003     311
000000   2801700004     311
000000   2801700005     311
000000   2801700006     311
000000   2801700007     311
000000   2801700008     311
000000   2801700009     311
000000   2801700010     311
000000   2805000000     311
000000   2805001000     311
000000   2805002000     311
000000   2805003000     311
000000   2805007000     311
000000   2805008000     311
000000   2805009000     311
000000   2805010000     311
000000   2805018000     311
000000   2805019000     311
000000   2805020000     311
000000   2805021000     311
000000   2805022000     311
000000   2805023000     311
000000   2805025000     311
000000   2805030000     311
000000   2805035000     311
000000   2805038000     311
000000   2805039100     311
000000   2805039200     311
000000   2805039300     311
000000   2805040000     311
000000   2805045000     311
000000   2805045001     311
000000   2805046000     311
000000   2805047100     311
000000   2805047300     311
000000   2805052000     311
000000   2805053100     311
000000   2810001000     320
000000   2810003000     535
000000   2810005000     320
000000   2810010000     100
000000   2810015000     320
000000   2810020000     320
000000   2810025000     300
000000   2810030000     535
000000   2810035000     320
000000   2810050000     240
000000   2810060100     300
000000   2810060200     300
000000   2830000000     505
000000   2830001000     505
000000   2840000000     545
000000   2840010000     545
000000   2850000010     560
000000   2850000030     560
000000   2861000000     300
000000   2862000000     100
000000   2999001001     100
000000   0030100802     580
000000   0030101880     580
000000   0030199999     580
000000   0030200410     311
000000   0030200526     580
000000   0030200756     580
000000   0030500201     300
000000   0030500799     570
000000   0030800721     575
000000   0030800723     575
000000   0030800724     575
000000   0030801005     575
000000   0030900199     585
000000   0030901006     585
000000   0030906001     585
000000   0031000299     585
000000   0031301001     505
000000   0031301200     505
000000   0031401501     505
000000   0031401511     505
000000   0031401515     505
000000   0031401516     505
000000   0031502088     560
000000   0031502101     300
000000   0031502102     300
000000   0031502500     565
000000   0031503001     565
000000   0033000198     590
000000   0039092050     505
000000   0040202301     590
000000   0040600162     250
000000   0040600241     800
000000   0040600242     800
000000   0040600302     600
000000   0040600306     600
000000   0040600403     600
000000   0050100701     870
000000   0050490004     505
000000   0068240059     520
000000   2501080000     700
000000   2505020121     800
000000   2801500450     312
000000   2401035000     595
000000   2401100999     505
000000   2415010000     585
000000   2415010999     585
000000   2415020000     590
000000   2415020999     590
000000   2415025000     590
000000   2415025999     590
000000   2415035000     590
000000   2415035999     590
000000   2415040000     595
000000   2415040999     595
000000   2415050000     555
000000   2415050999     555
000000   2415055000     540
000000   2415150000     555
000000   2415155000     540
000000   2415165000     545
000000   2415210000     585
000000   2415220000     590
000000   2415225000     590
000000   2415230000     575
000000   2415235000     590
000000   2415240000     595
000000   2415245000     595
000000   2415250000     555
000000   2415255000     540
000000   2415265000     545
000000   2415350000     555
000000   2505030180     250
000000   2650000001     505
000000   2801500300     312
000000   2801500320     312
000000   2801500350     312
000000   2801500410     312
000000   2801500420     312
000000   2801500430     312
000000   2801500440     312
000000   2801500500     312
000000   2801501000     311
000000   2801502000     311
000000   2801520004     312
000000   2801600000     311
000000   0030200512     311
