乌鲁木齐排放源日变化曲线
从00时-23时，每小时占全天排放总量比例：
交通源夏季：
 0.019 0.006 0.003 0.003 0.003 0.005 0.008 0.022 0.094 0.106 0.070 0.063 0.053 0.056 0.044 0.044 0.044 0.043 0.062 0.078 0.059 0.049 0.036 0.030
交通源冬季：
 0.008 0.003 0.003 0.003 0.003 0.003 0.003 0.016 0.078 0.128 0.110 0.054 0.054 0.049 0.048 0.046 0.046 0.049 0.054 0.085 0.077 0.041 0.021 0.018
生活面源夏季：
 0.047 0.014 0.014 0.014 0.014 0.014 0.030 0.056 0.057 0.051 0.037 0.037 0.038 0.046 0.047 0.041 0.039 0.039 0.041 0.076 0.080 0.063 0.055 0.050
生活面源冬季：
 0.024 0.024 0.024 0.024 0.024 0.024 0.024 0.032 0.045 0.055 0.043 0.042 0.040 0.043 0.051 0.046 0.047 0.047 0.061 0.074 0.079 0.051 0.042 0.033
中架源：
 0.021 0.021 0.021 0.021 0.021 0.021 0.021 0.021 0.021 0.043 0.064 0.064 0.064 0.064 0.064 0.064 0.064 0.064 0.064 0.064 0.064 0.021 0.021 0.021
高架源：
 0.042 0.042 0.042 0.042 0.042 0.042 0.042 0.042 0.042 0.042 0.042 0.042 0.042 0.042 0.042 0.042 0.042 0.042 0.042 0.042 0.042 0.042 0.042 0.042
