' '
'LAM_42N95E'
  2        30.000        60.000        95.000        95.000        42.000
'LONLAT'
  1        0.0           0.0           0.0           0.0           0.0
'LAM_30N113.9E'
  2        30.000        60.000        113.891       113.891       29.972
' '
'CUACE_54KM'
'LAM_42N95E'  -4482000.000  -3591000.000     54000.000     54000.000 166 133   1
'CUACE_0.1D'
'LONLAT'     0.05           0.05             0.1           0.1       1800 900  1
'BCC_AGCM2'
'LONLAT'        0.0     -87.8637988392335    2.8125        2.78361   128  64   1
'GRAPES_0.15D'
'LONLAT'    70.0            15.0             0.15          0.15      502  330  1
'GRAPES_0.5D'
'LONLAT'    35.0            15.25             0.5          0.5       230  100  1
'CMAQ_Wuhan'
'LAM_30N113.9E'  -931386.000  -499470.000     9000.000     9000.000  208  112  1
' '