/MONTHLY/																								
10100101	1.2	1.15	1.05	1	0.9	0.85	0.8	0.875	0.95	1	1.075	1.15												
30100101	2.05	2.055	2.04	2.01	1.98	1.91	1.94	1.94	1.96	2	2.035	2.07												
2104001000	3.9	3.7	3.5	2.8	2.5	2.2	2	2.2	2.5	3.25	3.6	3.85												
2294000000	1.76	1.84	1.96	2.06	2.1	2.12	2.02	2.04	2.12	2.1	2.02	1.86												
28050000	0.45	1.3	2.35	1.7	0.85	0.85	0.85	1	1.1	0.65	0.45	0.45																																				
2280000000            1	1	1	1	1	1	1	1	1	1	1	1
2275000000            1	1	1	1	1	1	1	1	1	1	1	1
/END/
/WEEKLY/																								
10100101	1.06	1.06	1.06	1.06	1.06	0.85	0.85																	
30100101	2.1	2.1	2.1	2.1	2.1	1.82	1.68																	
2104001000	3.08	3.08	3.08	3.08	3.08	2.8	2.8																	
2294000000	2.02	2.06	2.08	2.1	2.14	1.81	1.79																	
28050000	1	1	1	1	1	1	1																																									
2280000000            1	1	1	1	1	1	1
2275000000            1	1	1	1	1	1	1
/END/
/HOURLY/																							
10100101                0.840  0.708  0.576  0.600  0.732  0.804  0.852  0.972  1.104  1.200  1.212  1.200  1.224  1.236  1.236  1.224  1.176  1.104  1.116 1.128  1.080  1.008  0.948  0.720  
30100101	0.504  0.504  0.504  0.504  0.504  0.648  0.792  0.936  1.080  1.632  1.632  1.632  1.632  1.632  1.632  1.632  1.632  1.080  0.936  0.792  0.648  0.504 0.504  0.504  
2104001000	0.336  0.312  0.408  0.216  0.408  1.080  1.176  1.248  1.224  1.584  2.736  2.520  0.984  0.696  0.552  0.984  1.680  2.328  1.488  0.840  0.264  0.360  0.336  0.240  
2294000000	0.480  0.348  0.252  0.216  0.192  0.312  0.720  1.416  1.536  1.440  1.392  1.272  1.212  1.368  1.380  1.416  1.428  1.524  1.380  1.128  1.068  1.008  0.864  0.648  
28050000	1.000  1.000  1.000  1.000  1.000  1.000  1.000  1.000  1.000  1.000  1.000  1.000  1.000  1.000  1.000  1.000  1.000  1.000  1.000  1.000  1.000  1.000  1.000  1.000  	
2280000000            1	1	1	1	1	1	1	1	1	1	1	1	1	1	1	1	1	1	1	1	1	1	1	1
2275000000            198	186	182	187	210	250	311	388	467	528	571	604	620	631	635	624	594	548	531	509	425	327	257	218
/END/