/MONTHLY/																								
10100101	1.2	1.15	1.05	1	0.9	0.85	0.8	0.875	0.95	1	1.075	1.15												
30100101	2.05	2.055	2.04	2.01	1.98	1.91	1.94	1.94	1.96	2	2.035	2.07												
2104001000	3.9	3.7	3.5	2.8	2.5	2.2	2	2.2	2.5	3.25	3.6	3.85												
2294000000	1.76	1.84	1.96	2.06	2.1	2.12	2.02	2.04	2.12	2.1	2.02	1.86												
28050000	0.45	1.3	2.35	1.7	0.85	0.85	0.85	1	1.1	0.65	0.45	0.45																																				
2280000000            1	1	1	1	1	1	1	1	1	1	1	1
2275000000            1	1	1	1	1	1	1	1	1	1	1	1
/END/
/WEEKLY/																								
10100101	1.06	1.06	1.06	1.06	1.06	0.85	0.85																	
30100101	2.1	2.1	2.1	2.1	2.1	1.82	1.68																	
2104001000	3.08	3.08	3.08	3.08	3.08	2.8	2.8																	
2294000000	2.02	2.06	2.08	2.1	2.14	1.81	1.79																	
28050000	1	1	1	1	1	1	1																																									
2280000000            1	1	1	1	1	1	1
2275000000            1	1	1	1	1	1	1
/END/
/HOURLY/																							
10100101                0.0325	0.03	0.0288	0.0284	0.0292	0.0316	0.0354	0.0403	0.0433	0.0457	0.0478	0.0486	0.0494	0.0497	0.0501	0.05	0.0497	0.0489	0.0477	0.0473	0.0466	0.044	0.0397	0.0353	
30100101	0.026	0.007	0.007	0.007	0.007	0.007	0.007	0.029	0.045	0.068	0.068	0.068	0.068	0.068	0.068	0.068	0.068	0.066	0.063	0.037	0.037	0.037	0.037	0.037
2104001000	0.018	0.018	0.018	0.018	0.018	0.038	0.075	0.075	0.038	0.038	0.03	0.045	0.045	0.038	0.03	0.03	0.038	0.075	0.075	0.075	0.075	0.054	0.018	0.018
2294000000	0.0173	0.0132	0.0138	0.0150	0.0155	0.0157	0.0290	0.0564	0.0599	0.0590	0.0594	0.0540	0.0501	0.0587	0.0600	0.0620	0.0594	0.0574	0.0557	0.0490	0.0454	0.0417	0.0308	0.0216
28050000	0.6	0.6	0.6	0.6	0.6	0.65	0.75	0.9	1.1	1.35	1.45	1.6	1.65	1.75	1.7	1.55	1.35	1.1	0.9	0.75	0.65	0.6	0.6	0.6	
2280000000            1	1	1	1	1	1	1	1	1	1	1	1	1	1	1	1	1	1	1	1	1	1	1	1
2275000000            198	186	182	187	210	250	311	388	467	528	571	604	620	631	635	624	594	548	531	509	425	327	257	218
/END/