/MONTHLY/																								
10100101	1.2	1.15	1.05	1	0.9	0.85	0.8	0.875	0.95	1	1.075	1.15												
30100101	2.05	2.055	2.04	2.01	1.98	1.91	1.94	1.94	1.96	2	2.035	2.07												
2104001000	3.9	3.7	3.5	2.8	2.5	2.2	2	2.2	2.5	3.25	3.6	3.85												
2294000000	1.76	1.84	1.96	2.06	2.1	2.12	2.02	2.04	2.12	2.1	2.02	1.86												
28050000	0.45	1.3	2.35	1.7	0.85	0.85	0.85	1	1.1	0.65	0.45	0.45																																				
2280000000            1	1	1	1	1	1	1	1	1	1	1	1
2275000000            1	1	1	1	1	1	1	1	1	1	1	1
/END/
/WEEKLY/																								
10100101	1.06	1.06	1.06	1.06	1.06	0.85	0.85																	
30100101	2.1	2.1	2.1	2.1	2.1	1.82	1.68																	
2104001000	3.08	3.08	3.08	3.08	3.08	2.8	2.8																	
2294000000	2.02	2.06	2.08	2.1	2.14	1.81	1.79																	
28050000	1	1	1	1	1	1	1																																									
2280000000            1	1	1	1	1	1	1
2275000000            1	1	1	1	1	1	1
/END/
/HOURLY/																							
10100101                0.033703241	0.029753001	0.026402881	0.026702841	0.029852921	0.032553161	0.035453541	0.040404031	0.044654331	0.047854571	0.049154781	0.049304861	0.050204941	0.050604971	0.050805011	0.050505001	0.049354971	0.047454891	0.047104771	0.047154731	0.045804661	0.043004401	0.039603971	0.032603521
30100101	0.0235	0.014	0.014	0.014	0.014	0.017	0.02	0.034	0.045	0.068	0.068	0.068	0.068	0.068	0.068	0.068	0.068	0.0555	0.051	0.035	0.032	0.029	0.029	0.029
2104001000	0.016	0.0155	0.0175	0.0135	0.0175	0.0415	0.062	0.0635	0.0445	0.052	0.072	0.075	0.043	0.0335	0.0265	0.0355	0.054	0.086	0.0685	0.055	0.043	0.0345	0.016	0.014
2294000000	0.018610529	0.013863366	0.012150028	0.012015245	0.011763448	0.01434352	0.029514776	0.05770298	0.06195696	0.059475609	0.058708636	0.053486649	0.050302794	0.057870846	0.058774017	0.060479939	0.059433104	0.060444404	0.056590034	0.048013814	0.044963192	0.041833696	0.033415478	0.024286944
28050000	0.6	0.6	0.6	0.6	0.6	0.65	0.75	0.9	1.1	1.35	1.45	1.6	1.65	1.75	1.7	1.55	1.35	1.1	0.9	0.75	0.65	0.6	0.6	0.6	
2280000000            1	1	1	1	1	1	1	1	1	1	1	1	1	1	1	1	1	1	1	1	1	1	1	1
2275000000            198	186	182	187	210	250	311	388	467	528	571	604	620	631	635	624	594	548	531	509	425	327	257	218
/END/